hermalcam/examples $ python panas2.py 
36.986917936999994
29.5
36.986917936999994
29.5
36.106541621
28.75
36.400000393
29.0
35.813082849
28.5
35.813082849
28.5
35.813082849
28.5
35.519624076999996
28.25
36.693459165
29.25
36.400000393
29.0
36.693459165
29.25
36.693459165
29.25
35.813082849
28.5
36.106541621
28.75
35.226165304999995
28.0
36.106541621
28.75
34.932706533
27.75
35.226165304999995
28.0
36.106541621
28.75
36.986917936999994
29.5
35.519624076999996
28.25
35.519624076999996
28.25
33.758871445
26.75
35.519624076999996
28.25
34.639247761
27.5
34.345788989
27.25
36.106541621
28.75
35.813082849
28.5
35.519624076999996
28.25
36.106541621
28.75
34.639247761
27.5
35.226165304999995
28.0
34.052330217
27.0
34.932706533
27.75
34.639247761
27.5
34.639247761
27.5
33.465412672999996
26.5
33.171953900999995
26.25
32.291577585
25.5
36.400000393
29.0
34.345788989
27.25
35.226165304999995
28.0
35.226165304999995
28.0
34.932706533
27.75
34.932706533
27.75
34.639247761
27.5
36.400000393
29.0
36.400000393
29.0
36.986917936999994
29.5
36.106541621
28.75
35.813082849
28.5
35.813082849
28.5
35.813082849
28.5
36.106541621
28.75
34.345788989
27.25
34.345788989
27.25
34.052330217
27.0
34.345788989
27.25
34.345788989
27.25
35.519624076999996
28.25
34.932706533
27.75
34.932706533
27.75
33.465412672999996
26.5
34.052330217
27.0
34.639247761
27.5
34.345788989
27.25
33.465412672999996
26.5
33.758871445
26.75
34.932706533
27.75
36.400000393
29.0
34.345788989
27.25
34.345788989
27.25
33.758871445
26.75
32.58503635699999
25.75
32.291577585
25.5
33.171953900999995
26.25
32.291577585
25.5
35.813082849
28.5
35.519624076999996
28.25
36.106541621
28.75
34.345788989
27.25
34.639247761
27.5
33.758871445
26.75
34.052330217
27.0
34.639247761
27.5
35.813082849
28.5
36.106541621
28.75
36.106541621
28.75
36.400000393
29.0
36.693459165
29.25
37.280376708999995
29.75
37.573835480999996
30.0
36.986917936999994
29.5
35.519624076999996
28.25
36.986917936999994
29.5
36.986917936999994
29.5
36.106541621
28.75
35.519624076999996
28.25
35.226165304999995
28.0
35.519624076999996
28.25
36.400000393
29.0
35.813082849
28.5
34.052330217
27.0
34.932706533
27.75
37.280376708999995
29.75
36.106541621
28.75
36.106541621
28.75
36.106541621
28.75
35.226165304999995
28.0
35.519624076999996
28.25
33.758871445
26.75
34.052330217
27.0
34.932706533
27.75
34.639247761
27.5
36.106541621
28.75
36.693459165
29.25
35.226165304999995
28.0
34.639247761
27.5
34.639247761
27.5
34.932706533
27.75
34.052330217
27.0
34.932706533
27.75
34.932706533
27.75
34.345788989
27.25
34.639247761
27.5
34.932706
